nTasks=30;
nCPUs=10;
rt=[607.7889822338434 4151.674797339616 4501.780993086544 3266.3390189120996 2633.2897882091897 2795.3475254519176 2646.997643568207 963.5274556504361 4993.554579215808 1132.6027379410045 3047.020450517753 4757.222992987169 4753.313832172097 3124.208737907619 2144.317428045297 3115.424147758631 4966.4383986318135 1256.0608303246677 1178.0347023974973 4349.951890092809 2147.1636451863023 4203.895236527749 1096.8626964473567 4884.758456147375 726.0708507515594 2827.490530129445 4402.015181738228 2573.5026329967336 2673.783620413758 1533.4119548856263];
rc=[10000.0 10000.0 10000.0 10000.0 10000.0 10000.0 10000.0 10000.0 10000.0 10000.0];
